   1.0190000e+03   5.7700000e+00
   1.0220000e+03   6.0200000e+00
   1.0300000e+03   5.4600000e+00
   1.0400000e+03   6.2500000e+00
   1.0500000e+03   6.8700000e+00
   1.0510000e+03   5.9500000e+00
   1.0520000e+03   6.5200000e+00
   1.0700000e+03   6.1600000e+00
   1.0800000e+03   5.6900000e+00
   1.0900000e+03   5.8800000e+00
   1.1010000e+03   5.8300000e+00
   1.1100000e+03   5.9600000e+00
   1.1110000e+03   5.2000000e+00
   1.1120000e+03   4.6000000e+00
   1.1130000e+03   6.0600000e+00
   1.1140000e+03   6.3300000e+00
   1.1200000e+03   6.9300000e+00
   1.1210000e+03   4.8300000e+00
   1.2000000e+03   6.0300000e+00
   1.2010000e+03   6.3600000e+00
   1.2050000e+03   5.7900000e+00
   1.2200000e+03   5.5700000e+00
   1.2300000e+03   4.8500000e+00
   1.2300000e+03   4.0300000e+00
   1.2400000e+03   4.9200000e+00
   1.2700000e+03   4.7700000e+00
   1.2740000e+03   5.3900000e+00
   1.2750000e+03   4.8100000e+00
   1.2800000e+03   4.9300000e+00
   1.3000000e+03   6.7900000e+00
   1.3010000e+03   5.7700000e+00
   1.3020000e+03   6.0000000e+00
   1.3030000e+03   5.7000000e+00
   1.3100000e+03   6.0000000e+00
   1.3130000e+03   4.3900000e+00
   1.3210000e+03   6.6400000e+00
   1.3330000e+03   3.1700000e+00
   1.3400000e+03   4.7500000e+00
   1.3900000e+03   5.2900000e+00
   1.4190000e+03   3.4800000e+00
   1.4400000e+03   4.6100000e+00
   1.4500000e+03   2.8300000e+00
   1.4600000e+03   4.3100000e+00
   1.4630000e+03   4.7900000e+00
   1.5000000e+03   4.1200000e+00
   1.5100000e+03   4.2800000e+00
   1.5250000e+03   6.5100000e+00
   1.5400000e+03   4.5400000e+00
   1.5600000e+03   5.5100000e+00
   1.5900000e+03   4.7400000e+00
   1.5900000e+03   4.8000000e+00
   1.6000000e+03   4.0500000e+00
   1.6010000e+03   3.9200000e+00
   1.6020000e+03   3.4300000e+00
   1.6030000e+03   3.3700000e+00
   1.6040000e+03   3.3000000e+00
   1.6100000e+03   3.0800000e+00
   1.6100000e+03   3.9800000e+00
   1.6160000e+03   3.9500000e+00
   1.6200000e+03   3.5400000e+00
   1.6400000e+03   5.1300000e+00
   1.6400000e+03   5.1800000e+00
   1.6500000e+03   6.2300000e+00
   1.6600000e+03   4.5700000e+00
   1.6610000e+03   4.0500000e+00
   1.6700000e+03   3.0500000e+00
   1.6700000e+03   3.3300000e+00
   1.7100000e+03   5.4100000e+00
   1.7200000e+03   5.3200000e+00
   1.7210000e+03   4.5300000e+00
   1.7220000e+03   5.2200000e+00
   1.7260000e+03   6.2300000e+00
   1.7310000e+03   4.5600000e+00
   1.7400000e+03   4.2700000e+00
   1.7500000e+03   4.1000000e+00
   1.8100000e+03   4.4500000e+00
   1.8110000e+03   5.1200000e+00
   1.8120000e+03   3.6000000e+00
   1.8500000e+03   4.0600000e+00
   1.9000000e+03   3.4600000e+00
   1.9100000e+03   3.2900000e+00
   1.9200000e+03   4.2700000e+00
   1.9300000e+03   6.4200000e+00
   1.9310000e+03   6.8000000e+00
   1.9320000e+03   6.4700000e+00
   1.9350000e+03   4.2900000e+00
   1.9420000e+03   4.0100000e+00
   1.9450000e+03   4.4200000e+00
   1.9470000e+03   4.3500000e+00
   1.9990000e+03   4.7700000e+00
   2.0000000e+03   3.3200000e+00
   2.0050000e+03   4.0700000e+00
   2.0100000e+03   3.3200000e+00
   2.0200000e+03   3.3400000e+00
   2.0250000e+03   4.3000000e+00
   2.0300000e+03   4.5400000e+00
   2.0400000e+03   4.6400000e+00
   2.0500000e+03   4.5700000e+00
   2.0530000e+03   5.2500000e+00
   2.0570000e+03   4.5400000e+00
   2.0580000e+03   5.0900000e+00
   2.0700000e+03   4.5100000e+00
   2.0710000e+03   5.0000000e+00
   2.0800000e+03   4.7000000e+00
   2.0910000e+03   4.5100000e+00
   2.0920000e+03   4.3200000e+00
   2.0950000e+03   5.2500000e+00
   2.1000000e+03   4.5300000e+00
   2.1100000e+03   4.5300000e+00
   2.1200000e+03   5.1800000e+00
   2.1300000e+03   5.0200000e+00
   2.1410000e+03   5.0000000e+00
   2.1500000e+03   5.0000000e+00
   2.1600000e+03   5.1600000e+00
   2.1650000e+03   4.5500000e+00
   2.1700000e+03   4.0800000e+00
   2.1900000e+03   2.4100000e+00
   2.1910000e+03   3.6100000e+00
   2.2000000e+03   3.1800000e+00
   2.2050000e+03   4.5300000e+00
   2.2060000e+03   3.7100000e+00
   2.2080000e+03   5.6800000e+00
   2.2090000e+03   5.5900000e+00
   2.2100000e+03   3.5600000e+00
   2.2100000e+03   3.0800000e+00
   2.2140000e+03   3.4600000e+00
   2.2150000e+03   3.3800000e+00
   2.2160000e+03   5.8300000e+00
   2.2200000e+03   4.9300000e+00
   2.2210000e+03   3.0700000e+00
   2.2220000e+03   4.0800000e+00
   2.2240000e+03   4.8500000e+00
   2.2300000e+03   4.1300000e+00
   2.2350000e+03   3.3600000e+00
   2.2400000e+03   3.7500000e+00
   2.2500000e+03   4.1900000e+00
   2.2600000e+03   4.2600000e+00
   2.2700000e+03   3.1500000e+00
   2.2710000e+03   3.7400000e+00
   2.2720000e+03   3.7400000e+00
   2.2760000e+03   4.6300000e+00
   2.2780000e+03   4.5500000e+00
   2.2800000e+03   3.7700000e+00
   2.2990000e+03   3.9500000e+00
   2.3030000e+03   5.5300000e+00
   2.3040000e+03   3.6300000e+00
   2.3100000e+03   4.1600000e+00
   2.3110000e+03   4.4200000e+00
   2.3120000e+03   4.0200000e+00
   2.3200000e+03   2.9000000e+00
   2.3310000e+03   4.3000000e+00
   2.3400000e+03   4.9000000e+00
   2.3410000e+03   4.1100000e+00
   2.3440000e+03   4.7100000e+00
   2.3450000e+03   5.4200000e+00
   2.3460000e+03   5.2800000e+00
   2.3510000e+03   4.7400000e+00
   2.3520000e+03   4.9900000e+00
   2.3570000e+03   3.3300000e+00
   2.3600000e+03   3.6600000e+00
   2.3700000e+03   2.9000000e+00
   2.3720000e+03   4.0900000e+00
   2.3810000e+03   3.0400000e+00
   2.3830000e+03   3.4100000e+00
   2.3850000e+03   3.6400000e+00
   2.3870000e+03   3.9700000e+00
   2.3880000e+03   3.7700000e+00
   2.3890000e+03   5.6300000e+00
   2.3910000e+03   4.6300000e+00
   2.3930000e+03   2.9300000e+00
   2.3940000e+03   3.8900000e+00
   2.3950000e+03   4.1900000e+00
   2.3990000e+03   3.9300000e+00
   2.4100000e+03   4.1300000e+00
   2.4350000e+03   3.9400000e+00
   2.4400000e+03   2.6300000e+00
   2.4410000e+03   3.6200000e+00
   2.4420000e+03   4.0400000e+00
   2.4550000e+03   4.4600000e+00
   2.4800000e+03   2.6600000e+00
   2.4850000e+03   3.7400000e+00
   2.4870000e+03   4.0500000e+00
   2.4900000e+03   3.9500000e+00
   2.4910000e+03   3.4100000e+00
   2.4930000e+03   3.3400000e+00
   2.4950000e+03   3.1900000e+00
   2.4990000e+03   3.0800000e+00
   2.5000000e+03   3.6100000e+00
   2.5010000e+03   3.0900000e+00
   2.5100000e+03   4.0000000e+00
   2.5140000e+03   3.5000000e+00
   2.5150000e+03   3.8000000e+00
   2.5160000e+03   3.5000000e+00
   2.5180000e+03   3.3100000e+00
   2.5200000e+03   4.2200000e+00
   2.5300000e+03   3.9900000e+00
   2.5400000e+03   3.9700000e+00
   2.5500000e+03   4.6800000e+00
   2.5600000e+03   3.4900000e+00
   2.5700000e+03   2.7600000e+00
   2.5750000e+03   4.1600000e+00
   2.5790000e+03   3.8500000e+00
   2.5800000e+03   2.7900000e+00
   2.5900000e+03   3.9300000e+00
   2.5950000e+03   3.7100000e+00
   2.6000000e+03   4.1600000e+00
   2.6160000e+03   4.9600000e+00
   2.6200000e+03   2.7200000e+00
   2.6300000e+03   3.9200000e+00
   2.6350000e+03   4.4200000e+00
   2.6500000e+03   4.2800000e+00
   2.6550000e+03   4.5700000e+00
   2.6600000e+03   4.4400000e+00
   2.6610000e+03   5.7600000e+00
   2.6810000e+03   4.9700000e+00
   2.6820000e+03   4.4800000e+00
   2.6830000e+03   6.2100000e+00
   2.6880000e+03   5.9800000e+00
   2.6900000e+03   4.0200000e+00
   2.6910000e+03   5.8500000e+00
   2.6920000e+03   5.3500000e+00
   2.6940000e+03   5.0500000e+00
   2.6950000e+03   4.4700000e+00
   2.7000000e+03   4.7700000e+00
   2.7020000e+03   3.9200000e+00
   2.7100000e+03   5.4600000e+00
   2.7150000e+03   4.3500000e+00
   2.7200000e+03   3.4300000e+00
   2.7220000e+03   3.5200000e+00
   2.7300000e+03   6.8000000e+00
   2.7490000e+03   3.7600000e+00
   2.7500000e+03   4.3100000e+00
   2.7510000e+03   5.1800000e+00
   2.7520000e+03   4.3000000e+00
   2.7530000e+03   4.2900000e+00
   2.7800000e+03   4.8600000e+00
   2.7910000e+03   3.8300000e+00
   2.7950000e+03   4.7000000e+00
   2.8000000e+03   5.4900000e+00
   2.8100000e+03   4.4700000e+00
   2.8300000e+03   3.6400000e+00
   2.8400000e+03   2.4300000e+00
   2.8500000e+03   3.0000000e+00
   2.8700000e+03   3.0100000e+00
   2.8800000e+03   2.9600000e+00
   2.8900000e+03   2.9500000e+00
   2.9000000e+03   5.0900000e+00
   2.9800000e+03   3.0900000e+00
   2.9810000e+03   5.9700000e+00
   3.0000000e+03   7.2600000e+00
   3.0000000e+03   7.3400000e+00
   3.0100000e+03   7.1600000e+00
   3.0100000e+03   7.2600000e+00
   3.0150000e+03   5.9000000e+00
   3.0220000e+03   5.8800000e+00
   3.0300000e+03   6.7600000e+00
   3.0510000e+03   5.6200000e+00
   3.0530000e+03   6.9100000e+00
   3.0600000e+03   7.1200000e+00
   3.0610000e+03   5.2800000e+00
   3.0620000e+03   5.7800000e+00
   3.0630000e+03   6.3500000e+00
   3.0640000e+03   6.4100000e+00
   3.0680000e+03   6.7700000e+00
   3.0690000e+03   7.0300000e+00
   3.0710000e+03   6.8600000e+00
   3.0800000e+03   7.2200000e+00
   3.1000000e+03   6.4900000e+00
   3.1010000e+03   5.6000000e+00
   3.1020000e+03   6.5800000e+00
   3.1100000e+03   6.7000000e+00
   3.1200000e+03   6.8400000e+00
   3.1300000e+03   6.9700000e+00
   3.1400000e+03   6.3600000e+00
   3.1500000e+03   6.5500000e+00
   3.1600000e+03   5.3500000e+00
   3.1680000e+03   6.0000000e+00
   3.1700000e+03   7.2100000e+00
   3.1800000e+03   5.7700000e+00
   3.1810000e+03   5.0600000e+00
   3.1900000e+03   5.0100000e+00
   3.2100000e+03   5.3900000e+00
   3.2200000e+03   5.5200000e+00
   3.2300000e+03   5.4100000e+00
   3.2500000e+03   6.2900000e+00
   3.2610000e+03   5.7500000e+00
   3.2660000e+03   6.7900000e+00
   3.2800000e+03   5.3900000e+00
   3.3000000e+03   4.5500000e+00
   3.3010000e+03   5.2100000e+00
   3.3500000e+03   5.7200000e+00
   3.4000000e+03   6.9100000e+00
   3.5000000e+03   6.9900000e+00
   3.5300000e+03   6.8200000e+00
   3.5500000e+03   5.9200000e+00
   4.0000000e+03   3.9700000e+00
   4.0010000e+03   5.2400000e+00
   4.0020000e+03   5.3200000e+00
   4.0030000e+03   5.0900000e+00
   4.0040000e+03   4.4400000e+00
   4.0050000e+03   5.0200000e+00
   4.1000000e+03   4.3900000e+00
   4.1410000e+03   5.2500000e+00
   4.1420000e+03   5.6000000e+00
   4.1500000e+03   4.8600000e+00
   4.1800000e+03   5.5400000e+00
   4.2100000e+03   6.0800000e+00
   4.2200000e+03   7.1700000e+00
   4.2200000e+03   5.1800000e+00
   4.2300000e+03   4.7000000e+00
   4.2320000e+03   6.2800000e+00
   4.2330000e+03   3.9600000e+00
   4.2350000e+03   5.2900000e+00
   4.2400000e+03   4.8800000e+00
   4.2500000e+03   5.1600000e+00
   4.2550000e+03   5.1100000e+00
   4.2740000e+03   4.1800000e+00
   4.2750000e+03   4.4100000e+00
   4.2790000e+03   4.3800000e+00
   4.2900000e+03   7.2000000e+00
   4.3000000e+03   5.9900000e+00
   4.3020000e+03   5.6800000e+00
   4.3100000e+03   5.4200000e+00
   4.3200000e+03   5.1100000e+00
   4.4600000e+03   4.9400000e+00
   4.4700000e+03   4.8100000e+00
   4.4900000e+03   6.0600000e+00
   4.5000000e+03   3.6800000e+00
   4.5030000e+03   4.9300000e+00
   4.5100000e+03   3.8900000e+00
   4.5200000e+03   5.4800000e+00
   4.5200000e+03   4.8000000e+00
   4.5300000e+03   5.3100000e+00
   4.5310000e+03   4.2800000e+00
   4.5320000e+03   4.1500000e+00
   4.5330000e+03   5.0100000e+00
   4.5340000e+03   4.1600000e+00
   4.5350000e+03   4.9500000e+00
   4.5360000e+03   3.9500000e+00
   4.5370000e+03   4.4900000e+00
   4.5380000e+03   4.6500000e+00
   4.5500000e+03   5.0000000e+00
   4.5610000e+03   4.3500000e+00
   4.5710000e+03   3.5400000e+00
   4.5720000e+03   4.8000000e+00
   4.5980000e+03   5.5300000e+00
   4.5990000e+03   5.6900000e+00
   4.6010000e+03   5.0800000e+00
   4.6030000e+03   4.8900000e+00
   4.6050000e+03   3.8400000e+00
   4.6060000e+03   5.1100000e+00
   4.6070000e+03   6.3400000e+00
   4.6080000e+03   6.4700000e+00
   4.6090000e+03   5.5400000e+00
   4.6100000e+03   5.1000000e+00
   4.6110000e+03   6.0400000e+00
   4.6130000e+03   4.6600000e+00
   4.6140000e+03   4.6700000e+00
   4.6170000e+03   5.1900000e+00
   4.6210000e+03   4.9200000e+00
   4.6220000e+03   4.1100000e+00
   4.6230000e+03   5.4400000e+00
   4.6240000e+03   5.0200000e+00
   4.6250000e+03   5.0500000e+00
   4.6260000e+03   5.7800000e+00
   4.6310000e+03   5.1900000e+00
   4.6350000e+03   4.2300000e+00
   4.6400000e+03   5.5200000e+00
   4.6410000e+03   5.4300000e+00
   4.6500000e+03   5.6700000e+00
   4.6510000e+03   6.3400000e+00
   4.6520000e+03   6.6200000e+00
   4.6530000e+03   5.8300000e+00
   4.6560000e+03   6.4100000e+00
   4.6580000e+03   6.4700000e+00
   4.6590000e+03   6.9300000e+00
   4.6600000e+03   6.5800000e+00
   4.6640000e+03   6.7200000e+00
   4.6660000e+03   6.1000000e+00
   4.6690000e+03   6.1100000e+00
   4.6700000e+03   6.7400000e+00
   4.6720000e+03   6.2900000e+00
   4.6760000e+03   6.0700000e+00
   4.6770000e+03   6.1900000e+00
   4.6800000e+03   6.0200000e+00
   4.6810000e+03   6.6800000e+00
   4.6830000e+03   6.6200000e+00
   4.6870000e+03   6.5100000e+00
   4.6890000e+03   6.2100000e+00
   4.6900000e+03   6.0600000e+00
   4.7000000e+03   4.0500000e+00
   4.7500000e+03   4.9000000e+00
   4.7700000e+03   5.8500000e+00
   4.8000000e+03   7.0700000e+00
   4.8100000e+03   6.6600000e+00
   5.0000000e+03   2.6700000e+00
   5.0010000e+03   3.7900000e+00
   5.0100000e+03   3.0000000e+00
   5.0200000e+03   2.6300000e+00
   5.0300000e+03   2.7400000e+00
   5.1200000e+03   3.0700000e+00
   5.1300000e+03   2.5100000e+00
   5.2000000e+03   3.2000000e+00
   5.2010000e+03   3.8300000e+00
   5.2200000e+03   3.9100000e+00
   5.2500000e+03   3.6400000e+00
   5.2600000e+03   5.7100000e+00
   5.2700000e+03   5.4900000e+00
   5.3000000e+03   4.3600000e+00
   5.3900000e+03   2.8800000e+00
   5.3950000e+03   4.2300000e+00
   5.4100000e+03   3.2900000e+00
   5.4500000e+03   5.8400000e+00
   5.4550000e+03   4.5600000e+00
   5.4600000e+03   5.8700000e+00
   5.4700000e+03   6.0200000e+00
   5.4800000e+03   5.4800000e+00
   5.5000000e+03   3.0000000e+00
   5.5100000e+03   2.8200000e+00
   5.5200000e+03   2.9500000e+00
   5.5300000e+03   2.8700000e+00
   5.5310000e+03   3.6900000e+00
   5.5320000e+03   3.7900000e+00
   5.5330000e+03   3.1200000e+00
   5.5340000e+03   3.1400000e+00
   5.5350000e+03   4.1100000e+00
   5.5510000e+03   3.2600000e+00
   5.5930000e+03   3.9800000e+00
   5.5940000e+03   4.1500000e+00
   5.6000000e+03   5.1900000e+00
   5.6110000e+03   3.9900000e+00
   5.6210000e+03   6.9900000e+00
   5.6220000e+03   5.3400000e+00
   5.6230000e+03   5.6700000e+00
   5.6260000e+03   6.1000000e+00
   5.6280000e+03   5.4600000e+00
   5.6290000e+03   6.5500000e+00
   5.6600000e+03   5.0700000e+00
   5.6610000e+03   4.1500000e+00
   5.7000000e+03   5.6800000e+00
   5.7110000e+03   3.0300000e+00
   5.7200000e+03   2.7900000e+00
   5.7310000e+03   2.7400000e+00
   5.7400000e+03   2.5900000e+00
   5.7500000e+03   3.1400000e+00
   5.7600000e+03   3.2200000e+00
   5.7790000e+03   3.5700000e+00
   5.7800000e+03   3.7500000e+00
   5.8000000e+03   2.5100000e+00
   5.8110000e+03   3.3000000e+00
   5.8200000e+03   4.6100000e+00
   5.8300000e+03   4.9200000e+00
   5.8310000e+03   4.4300000e+00
   5.8490000e+03   4.8900000e+00
   5.8700000e+03   3.1000000e+00
   5.8750000e+03   3.2900000e+00
   5.8900000e+03   4.6000000e+00
   5.8910000e+03   3.2900000e+00
   5.9000000e+03   4.3800000e+00
   5.9100000e+03   5.5900000e+00
   5.9200000e+03   6.2300000e+00
   5.9400000e+03   6.2900000e+00
   5.9500000e+03   6.7900000e+00
   5.9700000e+03   4.8800000e+00
   5.9710000e+03   6.6500000e+00
   5.9720000e+03   6.3400000e+00
   5.9820000e+03   4.5100000e+00
   5.9900000e+03   4.4400000e+00
   5.9910000e+03   4.0100000e+00
   5.9940000e+03   4.6100000e+00
   6.0000000e+03   4.9100000e+00
   6.0100000e+03   3.9500000e+00
   6.0200000e+03   5.5800000e+00
   6.1500000e+03   3.2200000e+00
   6.1900000e+03   5.6400000e+00
   6.2000000e+03   6.2100000e+00
   6.2000000e+03   5.8200000e+00
   6.2100000e+03   6.3400000e+00
   6.2110000e+03   5.9000000e+00
   6.2120000e+03   6.0100000e+00
   6.2130000e+03   5.8600000e+00
   6.2300000e+03   7.3500000e+00
   6.2410000e+03   4.5400000e+00
   6.2420000e+03   5.4300000e+00
   6.2430000e+03   5.9900000e+00
   6.2440000e+03   5.6800000e+00
   6.2500000e+03   6.5400000e+00
   6.2600000e+03   6.9300000e+00
   6.3000000e+03   6.6100000e+00
   6.3110000e+03   4.9500000e+00
   6.3120000e+03   6.3700000e+00
   6.3130000e+03   6.9400000e+00
   6.3140000e+03   4.6000000e+00
   6.3150000e+03   6.3800000e+00
   6.3500000e+03   7.2900000e+00
   6.3600000e+03   6.3300000e+00
   6.3700000e+03   6.4400000e+00
   6.4100000e+03   5.8900000e+00
   6.4150000e+03   6.2000000e+00
   6.5100000e+03   6.9600000e+00
   6.5300000e+03   6.1800000e+00
   6.5400000e+03   6.8300000e+00
   6.5500000e+03   7.0900000e+00
   6.5550000e+03   5.6900000e+00
   6.5600000e+03   6.5300000e+00
   6.5610000e+03   4.9900000e+00
   6.5700000e+03   6.2400000e+00
   6.5710000e+03   5.5900000e+00
   6.6100000e+03   5.0600000e+00
   6.8000000e+03   4.8700000e+00
   6.8210000e+03   6.2900000e+00
   6.8300000e+03   6.2100000e+00
   6.8310000e+03   5.5500000e+00
   6.8340000e+03   6.2800000e+00
   6.8360000e+03   5.4700000e+00
   6.8380000e+03   5.8000000e+00
   6.8400000e+03   5.9500000e+00
   6.9000000e+03   5.6400000e+00
   6.9100000e+03   5.6200000e+00
   6.9300000e+03   4.8800000e+00
   6.9400000e+03   5.3500000e+00
   7.0000000e+03   2.4200000e+00
   7.0020000e+03   3.1600000e+00
   7.0040000e+03   2.0000000e+00
   7.0060000e+03   2.3300000e+00
   7.0090000e+03   3.0100000e+00
   7.0100000e+03   1.7600000e+00
   7.0200000e+03   2.1700000e+00
   7.0250000e+03   2.7100000e+00
   7.0300000e+03   2.9900000e+00
   7.0310000e+03   2.0300000e+00
   7.0340000e+03   3.0600000e+00
   7.0350000e+03   2.6600000e+00
   7.0360000e+03   3.3200000e+00
   7.0370000e+03   3.7100000e+00
   7.0380000e+03   3.0100000e+00
   7.0390000e+03   3.2900000e+00
   7.0400000e+03   2.6900000e+00
   7.0410000e+03   2.6000000e+00
   7.0500000e+03   2.7500000e+00
   7.0600000e+03   2.5500000e+00
   7.0800000e+03   2.3200000e+00
   7.0900000e+03   2.6100000e+00
   7.0950000e+03   4.2100000e+00
   7.0960000e+03   3.9800000e+00
   7.1000000e+03   2.8900000e+00
   7.1100000e+03   2.2700000e+00
   7.1300000e+03   3.3500000e+00
   7.1400000e+03   2.9200000e+00
   7.1500000e+03   2.6100000e+00
   7.1600000e+03   3.0700000e+00
   7.1610000e+03   2.9800000e+00
   7.1700000e+03   3.2100000e+00
   7.1750000e+03   1.7200000e+00
   7.1790000e+03   2.8800000e+00
   7.1800000e+03   3.4300000e+00
   7.1820000e+03   4.0200000e+00
   7.1830000e+03   3.7800000e+00
   7.1840000e+03   3.6600000e+00
   7.1850000e+03   2.6400000e+00
   7.1860000e+03   3.6000000e+00
   7.1870000e+03   2.3000000e+00
   7.1900000e+03   3.8400000e+00
   7.1950000e+03   4.5400000e+00
   7.2000000e+03   4.8700000e+00
   7.2050000e+03   2.9300000e+00
   7.2070000e+03   3.5700000e+00
   7.2110000e+03   4.2000000e+00
   7.2170000e+03   2.4300000e+00
   7.2200000e+03   5.3000000e+00
   7.2240000e+03   2.8100000e+00
   7.2300000e+03   5.5200000e+00
   7.2330000e+03   2.7700000e+00
   7.2340000e+03   2.9600000e+00
   7.2350000e+03   2.8300000e+00
   7.2360000e+03   3.7900000e+00
   7.2370000e+03   3.8800000e+00
   7.2380000e+03   4.1700000e+00
   7.2500000e+03   4.6700000e+00
   7.2600000e+03   5.1100000e+00
   7.2700000e+03   5.7600000e+00
   7.2800000e+03   4.4600000e+00
   7.2810000e+03   4.4100000e+00
   7.2820000e+03   4.7700000e+00
   7.2830000e+03   3.8100000e+00
   7.2840000e+03   4.0600000e+00
   7.2850000e+03   3.8300000e+00
   7.2860000e+03   4.4400000e+00
   7.2890000e+03   5.1400000e+00
   7.2910000e+03   4.8100000e+00
   7.3200000e+03   4.4400000e+00
   7.3250000e+03   3.5500000e+00
   7.3300000e+03   5.1400000e+00
   7.3400000e+03   3.6900000e+00
   7.3500000e+03   4.9700000e+00
   7.3510000e+03   4.2500000e+00
   7.3520000e+03   4.5800000e+00
   7.3590000e+03   5.3600000e+00
   7.3600000e+03   5.1100000e+00
   7.3610000e+03   5.0900000e+00
   7.3800000e+03   5.8800000e+00
   7.3900000e+03   4.5600000e+00
   7.4000000e+03   5.0600000e+00
   7.4020000e+03   5.0500000e+00
   7.4100000e+03   4.5500000e+00
   7.4300000e+03   4.7200000e+00
   7.4500000e+03   5.0500000e+00
   7.4600000e+03   5.1200000e+00
   7.4700000e+03   4.6400000e+00
   7.4720000e+03   4.0000000e+00
   7.4750000e+03   4.1700000e+00
   7.4800000e+03   4.5500000e+00
   7.4810000e+03   4.9200000e+00
   7.4900000e+03   2.4200000e+00
   7.4910000e+03   2.3900000e+00
   7.4930000e+03   3.3900000e+00
   7.4950000e+03   3.8200000e+00
   7.4960000e+03   4.8400000e+00
   7.5000000e+03   3.2600000e+00
   7.5010000e+03   5.6300000e+00
   7.5020000e+03   5.9100000e+00
   7.5030000e+03   4.2100000e+00
   7.5040000e+03   4.2500000e+00
   7.5100000e+03   4.5200000e+00
   7.5450000e+03   3.2800000e+00
   7.5500000e+03   3.9500000e+00
   7.5600000e+03   5.2400000e+00
   7.5700000e+03   5.5400000e+00
   7.5800000e+03   4.5900000e+00
   7.5900000e+03   3.8000000e+00
   7.5950000e+03   3.7700000e+00
   7.6000000e+03   5.5000000e+00
   7.6200000e+03   4.9200000e+00
   7.6400000e+03   6.0300000e+00
   7.7000000e+03   2.9500000e+00
   7.7050000e+03   2.6500000e+00
   7.7100000e+03   3.4400000e+00
   7.8200000e+03   4.2100000e+00
   7.8300000e+03   4.0800000e+00
   7.9000000e+03   2.6000000e+00
   7.9200000e+03   3.8700000e+00
   7.9500000e+03   2.2800000e+00
   8.0100000e+03   4.1200000e+00
   8.0210000e+03   5.6700000e+00
   8.0300000e+03   7.3500000e+00
   8.0310000e+03   5.5800000e+00
   8.0320000e+03   4.1900000e+00
   8.0330000e+03   5.0100000e+00
   8.0340000e+03   6.3000000e+00
   8.0400000e+03   5.6100000e+00
   8.0410000e+03   5.4900000e+00
   8.0500000e+03   4.3100000e+00
   8.0600000e+03   5.3100000e+00
   8.0800000e+03   6.6500000e+00
   8.0900000e+03   5.7100000e+00
   8.1160000e+03   5.9700000e+00
   8.1170000e+03   5.3000000e+00
   8.1200000e+03   4.8500000e+00
   8.1300000e+03   5.4900000e+00
   8.1600000e+03   6.9700000e+00
   8.1610000e+03   6.0900000e+00
   8.1620000e+03   4.9800000e+00
   8.1700000e+03   6.1200000e+00
   8.1780000e+03   6.8200000e+00
   8.1790000e+03   6.9900000e+00
   8.1800000e+03   6.5900000e+00
   8.1850000e+03   7.2700000e+00
   8.1860000e+03   6.8400000e+00
   8.1900000e+03   6.2800000e+00
   8.1910000e+03   6.1900000e+00
   8.1920000e+03   6.0300000e+00
   8.1930000e+03   6.0400000e+00
   8.2000000e+03   6.3500000e+00
   8.2100000e+03   5.9400000e+00
   8.2110000e+03   5.3600000e+00
   8.2200000e+03   5.1900000e+00
   8.2300000e+03   5.9100000e+00
   8.2310000e+03   5.2400000e+00
   8.2320000e+03   5.1000000e+00
   8.2500000e+03   5.0400000e+00
   8.2510000e+03   6.0500000e+00
   8.2600000e+03   5.8500000e+00
   8.2800000e+03   5.0500000e+00
   8.3000000e+03   6.1400000e+00
   8.3110000e+03   3.5700000e+00
   8.3200000e+03   4.2700000e+00
   8.3300000e+03   4.0600000e+00
   8.3400000e+03   5.8000000e+00
   8.3410000e+03   6.4000000e+00
   8.3500000e+03   5.1800000e+00
   8.3700000e+03   6.7300000e+00
   8.3800000e+03   5.7400000e+00
   8.4000000e+03   6.6100000e+00
   8.4200000e+03   5.5600000e+00
   8.4600000e+03   4.5500000e+00
   8.4610000e+03   4.6900000e+00
   8.4650000e+03   3.9300000e+00
   8.4700000e+03   6.1400000e+00
   8.4750000e+03   6.5200000e+00
   8.4800000e+03   6.2800000e+00
   8.4850000e+03   6.4600000e+00
   8.4900000e+03   6.6800000e+00
   8.4960000e+03   5.7900000e+00
   8.4970000e+03   4.1900000e+00
   8.5000000e+03   5.6000000e+00
   8.5010000e+03   6.4400000e+00
   8.5020000e+03   5.7800000e+00
   8.5030000e+03   5.2200000e+00
   8.5100000e+03   4.9300000e+00
   8.5310000e+03   5.4100000e+00
   8.5400000e+03   5.1600000e+00
   8.6000000e+03   4.2600000e+00
   8.6200000e+03   4.6000000e+00
   9.0000000e+03   4.0600000e+00
   9.0010000e+03   3.6700000e+00
   9.0050000e+03   5.1800000e+00
   9.0060000e+03   5.7600000e+00
   9.0070000e+03   5.0300000e+00
   9.0080000e+03   4.4500000e+00
   9.0100000e+03   4.1400000e+00
   9.0400000e+03   5.8200000e+00
   9.0410000e+03   4.6400000e+00
   9.0420000e+03   5.7800000e+00
   9.0450000e+03   3.8900000e+00
   9.0460000e+03   4.3100000e+00
   9.0500000e+03   6.3600000e+00
   9.0700000e+03   3.6300000e+00
   9.0800000e+03   4.3600000e+00
   9.0900000e+03   3.9700000e+00
   9.0900000e+03   4.8000000e+00
   9.1010000e+03   4.0200000e+00
   9.1020000e+03   4.8400000e+00
   9.1100000e+03   3.9800000e+00
   9.1200000e+03   5.7700000e+00
   9.1400000e+03   5.3800000e+00
   9.1560000e+03   5.7900000e+00
   9.1600000e+03   5.8700000e+00
   9.1710000e+03   4.7200000e+00
   9.1800000e+03   5.0200000e+00
   9.1810000e+03   5.3900000e+00
   9.1820000e+03   4.9800000e+00
   9.1900000e+03   3.9100000e+00
   9.2100000e+03   3.0800000e+00
   9.2200000e+03   4.0000000e+00
   9.2300000e+03   5.7700000e+00
   9.2500000e+03   6.6000000e+00
   9.2520000e+03   6.6400000e+00
   9.2530000e+03   5.5300000e+00
   9.2650000e+03   4.3400000e+00
   9.2700000e+03   5.2400000e+00
   9.2800000e+03   4.2600000e+00
   9.2900000e+03   4.4000000e+00
   9.3000000e+03   6.0000000e+00
   9.3010000e+03   5.2800000e+00
   9.3200000e+03   4.9300000e+00
   9.3300000e+03   4.3500000e+00
   9.3310000e+03   3.8500000e+00
   9.3400000e+03   5.1600000e+00
   9.3410000e+03   4.5000000e+00
   9.3420000e+03   4.4900000e+00
   9.3600000e+03   2.6300000e+00
   9.3730000e+03   5.0100000e+00
   9.3900000e+03   4.1400000e+00
   9.4000000e+03   5.9900000e+00
   9.4010000e+03   3.8800000e+00
   9.4020000e+03   5.0700000e+00
   9.4040000e+03   4.6700000e+00
   9.4050000e+03   6.0800000e+00
   9.4090000e+03   5.6100000e+00
   9.4100000e+03   7.0700000e+00
   9.4110000e+03   5.3700000e+00
   9.4150000e+03   4.9100000e+00
   9.4170000e+03   4.8300000e+00
   9.4200000e+03   5.6900000e+00
   9.4210000e+03   5.0400000e+00
   9.4300000e+03   5.2600000e+00
   9.4320000e+03   4.9200000e+00
   9.4330000e+03   5.8900000e+00
   9.4350000e+03   5.0000000e+00
   9.4400000e+03   4.5500000e+00
   9.4520000e+03   5.1400000e+00
   9.4700000e+03   5.0500000e+00
   9.4710000e+03   4.4800000e+00
   9.4720000e+03   4.1600000e+00
   9.4800000e+03   5.5700000e+00
   9.4900000e+03   5.5700000e+00
   9.4950000e+03   5.5700000e+00
   9.5000000e+03   5.8200000e+00
   9.5200000e+03   5.4100000e+00
   9.5300000e+03   5.2000000e+00
   9.5600000e+03   5.5000000e+00
   9.5610000e+03   4.7900000e+00
   9.5700000e+03   6.1400000e+00
   9.5710000e+03   5.6400000e+00
   9.5820000e+03   5.2900000e+00
   9.5840000e+03   4.9600000e+00
   9.5920000e+03   5.2300000e+00
   9.5940000e+03   5.1700000e+00
   9.6000000e+03   6.4600000e+00
   9.6110000e+03   5.7500000e+00
   9.6200000e+03   6.1100000e+00
   9.6210000e+03   5.7600000e+00
   9.6220000e+03   6.2600000e+00
   9.6300000e+03   6.0600000e+00
   9.7000000e+03   3.2100000e+00
   9.8000000e+03   6.0500000e+00
   9.8100000e+03   6.6200000e+00
   9.8300000e+03   4.8600000e+00
   9.9100000e+03   6.2000000e+00
   9.9110000e+03   5.7600000e+00
   9.9120000e+03   4.6800000e+00
   9.9130000e+03   4.4200000e+00
   9.9200000e+03   5.7600000e+00
   9.9210000e+03   6.5200000e+00
   2.0551000e+03   4.9500000e+00
   2.0552000e+03   4.4500000e+00
   2.3521000e+03   5.1600000e+00
   2.3522000e+03   6.2500000e+00
   2.3751000e+03   4.8800000e+00
   2.3752000e+03   4.3000000e+00
   2.7451000e+03   3.2600000e+00
   2.7452000e+03   5.1700000e+00
   2.9001000e+03   4.6100000e+00
   2.9002000e+03   4.5200000e+00
   3.0051000e+03   6.2000000e+00
   3.0052000e+03   4.8400000e+00
   3.5501000e+03   6.2900000e+00
   3.5502000e+03   5.1300000e+00
   4.6641000e+03   6.6300000e+00
   4.6642000e+03   6.1300000e+00
   6.2501000e+03   6.9200000e+00
   6.2502000e+03   5.1300000e+00
   6.5701000e+03   6.1200000e+00
   6.5702000e+03   3.8500000e+00
   9.6351000e+03   6.5400000e+00
   9.6352000e+03   4.6200000e+00
   1.0260000e+03   5.6100000e+00
   1.4410000e+03   3.9400000e+00
   1.6170000e+03   5.3400000e+00
   1.6750000e+03   4.3700000e+00
   2.0370000e+03   3.3500000e+00
   2.0380000e+03   2.9400000e+00
   2.1020000e+03   3.0300000e+00
   2.1040000e+03   3.1100000e+00
   2.1520000e+03   4.5000000e+00
   2.1530000e+03   4.4000000e+00
   2.1540000e+03   4.4800000e+00
   2.3050000e+03   3.6300000e+00
   2.3060000e+03   4.4600000e+00
   2.3320000e+03   4.3000000e+00
   2.3390000e+03   4.1600000e+00
   2.3580000e+03   3.7300000e+00
   2.3620000e+03   4.6000000e+00
   2.3730000e+03   4.5000000e+00
   2.3960000e+03   3.3400000e+00
   2.3970000e+03   2.7700000e+00
   2.3980000e+03   4.7400000e+00
   2.4450000e+03   3.8300000e+00
   2.4460000e+03   3.7900000e+00
   2.5060000e+03   3.5000000e+00
   2.5120000e+03   3.4600000e+00
   2.5130000e+03   3.2900000e+00
   2.5930000e+03   3.4200000e+00
   2.5940000e+03   3.8400000e+00
   2.5970000e+03   4.0900000e+00
   2.5980000e+03   3.7300000e+00
   2.6050000e+03   5.0300000e+00
   2.6060000e+03   4.7800000e+00
   2.7030000e+03   5.7800000e+00
   2.7040000e+03   5.3000000e+00
   2.7160000e+03   4.9700000e+00
   2.7170000e+03   5.7000000e+00
   2.7180000e+03   4.4600000e+00
   2.7700000e+03   5.1100000e+00
   2.7990000e+03   5.0200000e+00
   2.8110000e+03   6.9000000e+00
   3.0160000e+03   5.8200000e+00
   3.0170000e+03   5.3400000e+00
   3.1910000e+03   5.9500000e+00
   3.2150000e+03   5.4400000e+00
   3.2160000e+03   5.3700000e+00
   3.2250000e+03   5.9500000e+00
   3.3020000e+03   5.7000000e+00
   4.0060000e+03   5.2700000e+00
   4.2250000e+03   5.3900000e+00
   4.3110000e+03   6.6700000e+00
   4.5420000e+03   5.0800000e+00
   4.5590000e+03   4.8300000e+00
   4.5740000e+03   4.2500000e+00
   4.6430000e+03   6.0100000e+00
   4.6450000e+03   5.6900000e+00
   4.6470000e+03   6.2100000e+00
   4.6490000e+03   5.9900000e+00
   4.6940000e+03   6.4200000e+00
   4.6950000e+03   6.6100000e+00
   5.4710000e+03   3.2600000e+00
   5.6310000e+03   3.8600000e+00
   5.6350000e+03   3.9700000e+00
   5.7640000e+03   3.5500000e+00
   5.7810000e+03   3.8200000e+00
   5.8140000e+03   4.8200000e+00
   5.8330000e+03   5.7100000e+00
   5.8360000e+03   4.2800000e+00
   5.9610000e+03   5.8000000e+00
   5.9730000e+03   5.7800000e+00
   6.0210000e+03   6.0600000e+00
   6.0220000e+03   6.0900000e+00
   6.5620000e+03   5.0800000e+00
   6.8250000e+03   5.3600000e+00
   7.0420000e+03   4.0200000e+00
   7.0430000e+03   3.6800000e+00
   7.0440000e+03   3.9400000e+00
   7.0460000e+03   4.1400000e+00
   7.0520000e+03   3.0100000e+00
   7.0530000e+03   2.9500000e+00
   7.0540000e+03   4.0800000e+00
   7.0550000e+03   3.0200000e+00
   7.0560000e+03   3.0700000e+00
   7.0570000e+03   3.3900000e+00
   7.0580000e+03   3.9800000e+00
   7.0590000e+03   2.7300000e+00
   7.1880000e+03   4.2800000e+00
   7.1920000e+03   3.5800000e+00
   7.2420000e+03   3.8300000e+00
   7.2470000e+03   4.1400000e+00
   7.2480000e+03   4.2200000e+00
   7.2490000e+03   3.9700000e+00
   7.4820000e+03   4.8100000e+00
   7.4840000e+03   4.2400000e+00
   7.4870000e+03   4.0800000e+00
   7.4880000e+03   4.9600000e+00
   7.5060000e+03   4.2500000e+00
   7.5080000e+03   5.0900000e+00
   7.5460000e+03   3.7200000e+00
   7.5470000e+03   3.1800000e+00
   8.2050000e+03   4.1700000e+00
   8.2410000e+03   4.0600000e+00
   8.3710000e+03   5.1200000e+00
   8.4660000e+03   4.9200000e+00
   8.4670000e+03   5.1200000e+00
   8.4990000e+03   6.0700000e+00
   9.2540000e+03   6.0400000e+00
   9.4190000e+03   5.1900000e+00
   9.4230000e+03   5.6600000e+00
   9.4240000e+03   5.7800000e+00
   9.4250000e+03   5.9200000e+00
   9.4260000e+03   5.2800000e+00
   9.4270000e+03   5.5000000e+00
   9.4280000e+03   5.6600000e+00
   9.4290000e+03   5.6300000e+00
   9.9000000e+03   5.5800000e+00
   9.9010000e+03   5.7000000e+00
   9.9020000e+03   6.0000000e+00
   9.9030000e+03   5.7100000e+00
   9.9250000e+03   5.5900000e+00
   9.9260000e+03   4.8300000e+00
