   1.0190000e+03   3.5925926e+00
   1.0220000e+03   2.7755102e+00
   1.0260000e+03   2.9259259e+00
   1.0300000e+03   8.0701754e-01
   1.0330000e+03   1.8163265e+00
   1.0400000e+03   2.6792453e+00
   1.0500000e+03   1.6851852e+00
   1.0510000e+03   4.0555556e+00
   1.0520000e+03   2.2857143e+00
   1.0700000e+03   3.0370370e+00
   1.0800000e+03   1.8301887e+00
   1.0900000e+03   1.4444444e+00
   1.1010000e+03   4.8518519e+00
   1.1100000e+03   2.0925926e+00
   1.1110000e+03   5.0943396e+00
   1.1120000e+03   4.1224490e+00
   1.1130000e+03   2.7192983e+00
   1.1140000e+03   2.5510204e+00
   1.1200000e+03   1.0317460e+00
   1.1210000e+03   1.6140351e+00
   1.1220000e+03   2.1632653e+00
   1.2000000e+03   2.1851852e+00
   1.2010000e+03   2.5245902e+00
   1.2020000e+03   2.7735849e+00
   1.2050000e+03   2.1481481e+00
   1.2200000e+03   3.0377358e+00
   1.2300000e+03   2.1851852e+00
   1.2400000e+03   2.0555556e+00
   1.2700000e+03   9.0566038e-01
   1.2710000e+03   4.1509434e+00
   1.2740000e+03   1.8163265e+00
   1.2750000e+03   5.9259259e-01
   1.2800000e+03   2.9047619e+00
   1.3000000e+03   1.2539683e+00
   1.3010000e+03   1.0666667e+00
   1.3020000e+03   1.1228070e+00
   1.3030000e+03   4.1269841e+00
   1.3040000e+03   1.4081633e+00
   1.3100000e+03   2.6530612e+00
   1.3130000e+03   3.5370370e+00
   1.3210000e+03   1.2653061e+00
   1.3330000e+03   4.1147541e+00
   1.3400000e+03   5.7222222e+00
   1.3500000e+03   2.1698113e+00
   1.3900000e+03   3.4528302e+00
   1.4100000e+03   1.5918367e+00
   1.4190000e+03   4.5185185e+00
   1.4400000e+03   1.3333333e+00
   1.4410000e+03   2.1052632e+00
   1.4500000e+03   1.0983607e+00
   1.4600000e+03   2.2666667e+00
   1.4630000e+03   2.1147541e+00
   1.5000000e+03   9.5238095e-01
   1.5050000e+03   5.2857143e+00
   1.5100000e+03   1.4259259e+00
   1.5250000e+03   1.9508197e+00
   1.5400000e+03   1.2407407e+00
   1.5600000e+03   1.5283019e+00
   1.5900000e+03   1.8333333e+00
   1.5950000e+03   2.8679245e+00
   1.6000000e+03   3.6415094e+00
   1.6010000e+03   4.3148148e+00
   1.6020000e+03   2.5370370e+00
   1.6030000e+03   2.0185185e+00
   1.6040000e+03   2.0370370e+00
   1.6050000e+03   3.9622642e+00
   1.6100000e+03   2.1904762e+00
   1.6160000e+03   2.2131147e+00
   1.6170000e+03   3.2280702e+00
   1.6200000e+03   1.9387755e+00
   1.6300000e+03   1.8113207e+00
   1.6400000e+03   1.5510204e+00
   1.6450000e+03   2.5918367e+00
   1.6500000e+03   5.3265306e+00
   1.6590000e+03   4.4716981e+00
   1.6600000e+03   1.2448980e+00
   1.6610000e+03   4.1166667e+00
   1.6700000e+03   2.0983607e+00
   1.6750000e+03   4.2407407e+00
   1.7100000e+03   4.7666667e+00
   1.7200000e+03   2.3518519e+00
   1.7210000e+03   3.1132075e+00
   1.7220000e+03   2.1311475e+00
   1.7260000e+03   2.7592593e+00
   1.7310000e+03   6.4081633e+00
   1.7400000e+03   1.8703704e+00
   1.7500000e+03   2.1333333e+00
   1.8100000e+03   2.0754717e+00
   1.8110000e+03   2.6481481e+00
   1.8120000e+03   2.5925926e+00
   1.8200000e+03   2.7735849e+00
   1.8500000e+03   6.5238095e+00
   1.9000000e+03   5.7037037e+00
   1.9030000e+03   1.6326531e-01
   1.9080000e+03   2.2244898e+00
   1.9100000e+03   4.8703704e+00
   1.9200000e+03   3.3888889e+00
   1.9300000e+03   2.3333333e+00
   1.9310000e+03   1.2456140e+00
   1.9320000e+03   4.4500000e+00
   1.9350000e+03   4.0333333e+00
   1.9420000e+03   2.9183674e+00
   1.9450000e+03   3.7213115e+00
   1.9470000e+03   2.1428571e+00
   1.9990000e+03   3.2222222e+00
   2.0000000e+03   9.8245614e-01
   2.0020000e+03   2.5510204e+00
   2.0050000e+03   4.2592593e-01
   2.0100000e+03   6.4814815e-01
   2.0180000e+03   1.2830189e+00
   2.0190000e+03   3.0204082e+00
   2.0200000e+03   1.0188679e+00
   2.0250000e+03   1.9259259e+00
   2.0260000e+03   6.7755102e+00
   2.0300000e+03   1.7592593e+00
   2.0320000e+03   3.6792453e+00
   2.0340000e+03   5.6981132e+00
   2.0350000e+03   3.0816326e+00
   2.0360000e+03   5.4693878e+00
   2.0370000e+03   3.2641509e+00
   2.0380000e+03   3.3333333e+00
   2.0390000e+03   5.0816327e+00
   2.0400000e+03   3.4754098e+00
   2.0450000e+03   1.3469388e+00
   2.0500000e+03   4.6666667e-01
   2.0530000e+03   5.8888889e+00
   2.0551000e+03   2.6415094e+00
   2.0552000e+03   2.1296296e+00
   2.0560000e+03   3.7755102e+00
   2.0570000e+03   1.2592593e+00
   2.0580000e+03   1.7368421e+00
   2.0600000e+03   1.3061224e+00
   2.0700000e+03   6.2295082e-01
   2.0710000e+03   8.7755102e-01
   2.0750000e+03   3.2264151e+00
   2.0800000e+03   2.0666667e+00
   2.0910000e+03   3.8775510e+00
   2.0920000e+03   3.2631579e+00
   2.0950000e+03   1.6111111e+00
   2.1000000e+03   7.5925926e-01
   2.1010000e+03   1.0204082e+00
   2.1020000e+03   3.6557377e+00
   2.1040000e+03   2.8833333e+00
   2.1050000e+03   4.3396226e+00
   2.1070000e+03   1.0566038e+00
   2.1100000e+03   1.3584906e+00
   2.1150000e+03   3.3773585e+00
   2.1200000e+03   1.1481481e+00
   2.1220000e+03   2.6037736e+00
   2.1300000e+03   1.7592593e+00
   2.1410000e+03   2.8679245e+00
   2.1500000e+03   2.9444444e+00
   2.1510000e+03   3.1509434e+00
   2.1520000e+03   1.6666667e+00
   2.1530000e+03   1.6666667e+00
   2.1540000e+03   5.0983607e+00
   2.1550000e+03   1.7924528e+00
   2.1560000e+03   5.2448980e+00
   2.1580000e+03   5.8113208e+00
   2.1600000e+03   2.1833333e+00
   2.1650000e+03   1.9672131e+00
   2.1700000e+03   2.1833333e+00
   2.1900000e+03   1.1370968e+00
   2.1910000e+03   3.0000000e+00
   2.2000000e+03   5.9349593e-01
   2.2050000e+03   4.7936508e+00
   2.2060000e+03   3.7457627e+00
   2.2080000e+03   6.0476190e+00
   2.2090000e+03   3.0408163e+00
   2.2100000e+03   5.8870968e-01
   2.2110000e+03   1.6530612e+00
   2.2140000e+03   4.2276423e-01
   2.2150000e+03   4.2592593e-01
   2.2160000e+03   4.8148148e+00
   2.2170000e+03   6.9591837e+00
   2.2200000e+03   2.2040816e+00
   2.2210000e+03   2.3148148e+00
   2.2220000e+03   2.7346939e+00
   2.2240000e+03   3.9811321e+00
   2.2300000e+03   4.4444444e-01
   2.2350000e+03   7.4074074e+00
   2.2400000e+03   6.2962963e-01
   2.2500000e+03   6.6666667e-01
   2.2600000e+03   2.2641509e+00
   2.2700000e+03   9.8148148e-01
   2.2710000e+03   2.3396226e+00
   2.2720000e+03   6.3442623e+00
   2.2730000e+03   4.5102041e+00
   2.2740000e+03   5.5849057e+00
   2.2760000e+03   1.7777778e+00
   2.2780000e+03   3.1666667e+00
   2.2790000e+03   1.5306122e+00
   2.2800000e+03   2.5396825e-01
   2.2990000e+03   6.9629630e+00
   2.3000000e+03   3.1428571e+00
   2.3010000e+03   1.4285714e+00
   2.3020000e+03   2.7169811e+00
   2.3030000e+03   3.7755102e+00
   2.3040000e+03   1.5555556e+00
   2.3050000e+03   2.7169811e+00
   2.3060000e+03   1.9814815e+00
   2.3080000e+03   5.0566038e+00
   2.3090000e+03   4.9591837e+00
   2.3100000e+03   1.0925926e+00
   2.3110000e+03   2.1475410e+00
   2.3120000e+03   3.6734694e+00
   2.3140000e+03   2.0204082e+00
   2.3200000e+03   3.9333333e+00
   2.3310000e+03   2.2456140e+00
   2.3320000e+03   3.8360656e+00
   2.3390000e+03   3.6734694e+00
   2.3400000e+03   5.5833333e+00
   2.3410000e+03   3.0491803e+00
   2.3420000e+03   6.2653061e+00
   2.3440000e+03   3.6666667e+00
   2.3450000e+03   4.5500000e+00
   2.3451000e+03   2.7142857e+00
   2.3460000e+03   5.2037037e+00
   2.3470000e+03   5.5471698e+00
   2.3510000e+03   3.3584906e+00
   2.3520000e+03   1.9444444e+00
   2.3521000e+03   2.2244898e+00
   2.3522000e+03   3.0877193e+00
   2.3570000e+03   3.1851852e+00
   2.3580000e+03   3.8703704e+00
   2.3590000e+03   4.3265306e+00
   2.3600000e+03   5.7377049e+00
   2.3620000e+03   1.4528302e+00
   2.3700000e+03   2.7959184e+00
   2.3720000e+03   4.1666667e+00
   2.3730000e+03   2.9444444e+00
   2.3740000e+03   3.0000000e+00
   2.3751000e+03   1.7962963e+00
   2.3752000e+03   1.7169811e+00
   2.3770000e+03   4.6981132e+00
   2.3810000e+03   5.0689655e+00
   2.3820000e+03   4.6981132e+00
   2.3830000e+03   3.3888889e+00
   2.3840000e+03   4.1132076e+00
   2.3850000e+03   1.5185185e+00
   2.3870000e+03   3.4259259e+00
   2.3880000e+03   5.2244898e+00
   2.3890000e+03   6.8421053e+00
   2.3900000e+03   4.7924528e+00
   2.3910000e+03   3.5283019e+00
   2.3920000e+03   4.0754717e+00
   2.3930000e+03   7.4000000e+00
   2.3940000e+03   2.7719298e+00
   2.3950000e+03   3.6792453e+00
   2.3960000e+03   5.3962264e+00
   2.3970000e+03   4.2622951e+00
   2.3980000e+03   5.8888889e+00
   2.3990000e+03   1.0408163e+00
   2.4000000e+03   7.2830189e+00
   2.4100000e+03   2.8888889e+00
   2.4110000e+03   4.6734694e+00
   2.4350000e+03   6.3770492e+00
   2.4400000e+03   1.2903226e+00
   2.4410000e+03   4.8333333e-01
   2.4420000e+03   3.3684210e+00
   2.4450000e+03   2.6111111e+00
   2.4460000e+03   3.3606557e+00
   2.4550000e+03   3.3673469e+00
   2.4560000e+03   4.7551020e+00
   2.4570000e+03   1.8490566e+00
   2.4580000e+03   1.1886793e+00
   2.4800000e+03   4.0000000e+00
   2.4840000e+03   1.6530612e+00
   2.4850000e+03   5.0000000e+00
   2.4870000e+03   4.7000000e+00
   2.4880000e+03   4.4489796e+00
   2.4890000e+03   3.6981132e+00
   2.4900000e+03   4.1296296e+00
   2.4910000e+03   2.0188679e+00
   2.4930000e+03   5.2459016e-01
   2.4950000e+03   2.5447154e+00
   2.4990000e+03   1.0185185e+00
   2.5000000e+03   1.1481481e+00
   2.5010000e+03   4.7619048e+00
   2.5060000e+03   2.0188679e+00
   2.5100000e+03   1.1346154e+00
   2.5110000e+03   1.9622641e+00
   2.5120000e+03   8.1967213e-01
   2.5130000e+03   1.9074074e+00
   2.5140000e+03   4.4814815e+00
   2.5150000e+03   5.6393443e+00
   2.5160000e+03   1.6031746e+00
   2.5180000e+03   5.7592593e+00
   2.5200000e+03   2.4126984e+00
   2.5210000e+03   3.6792453e+00
   2.5250000e+03   4.3584906e+00
   2.5300000e+03   5.0833333e+00
   2.5400000e+03   2.6792453e+00
   2.5500000e+03   2.2950820e+00
   2.5600000e+03   7.6296296e+00
   2.5700000e+03   2.5740741e+00
   2.5750000e+03   3.0877193e+00
   2.5790000e+03   7.0925926e+00
   2.5800000e+03   5.4126984e+00
   2.5900000e+03   5.7142857e+00
   2.5930000e+03   7.7358491e+00
   2.5940000e+03   7.7407407e+00
   2.5950000e+03   4.9833333e+00
   2.5970000e+03   8.6111111e+00
   2.5980000e+03   6.1886792e+00
   2.6000000e+03   2.3469388e+00
   2.6050000e+03   5.7592593e+00
   2.6060000e+03   4.8245614e+00
   2.6160000e+03   3.4814815e+00
   2.6200000e+03   2.4736842e+00
   2.6300000e+03   3.7037037e-01
   2.6350000e+03   2.2037037e+00
   2.6500000e+03   2.7222222e+00
   2.6550000e+03   3.3962264e+00
   2.6600000e+03   2.9814815e+00
   2.6610000e+03   3.0555556e+00
   2.6810000e+03   1.5471698e+00
   2.6820000e+03   1.6296296e+00
   2.6830000e+03   7.5438596e+00
   2.6880000e+03   3.9814815e+00
   2.6900000e+03   1.1754386e+00
   2.6910000e+03   7.9365079e+00
   2.6920000e+03   2.9591837e+00
   2.6940000e+03   4.6122449e+00
   2.6950000e+03   5.9795918e+00
   2.7000000e+03   5.8333333e+00
   2.7020000e+03   3.7222222e+00
   2.7030000e+03   6.4814815e+00
   2.7040000e+03   5.3396226e+00
   2.7100000e+03   2.1475410e+00
   2.7150000e+03   1.5925926e+00
   2.7160000e+03   2.6111111e+00
   2.7170000e+03   3.9444444e+00
   2.7180000e+03   4.1320755e+00
   2.7200000e+03   3.2777778e+00
   2.7220000e+03   2.3018868e+00
   2.7300000e+03   4.4920635e+00
   2.7451000e+03   6.2280702e+00
   2.7452000e+03   6.4074074e+00
   2.7490000e+03   4.9629630e+00
   2.7500000e+03   3.1111111e+00
   2.7510000e+03   3.7592593e+00
   2.7520000e+03   4.0317460e+00
   2.7530000e+03   2.7358491e+00
   2.7700000e+03   2.2222222e+00
   2.7800000e+03   1.0185185e+00
   2.7910000e+03   4.6666667e+00
   2.7950000e+03   1.8596491e+00
   2.7990000e+03   7.7666667e+00
   2.8000000e+03   1.9365079e+00
   2.8100000e+03   2.4629630e+00
   2.8110000e+03   2.9591837e+00
   2.8300000e+03   9.6296296e-01
   2.8400000e+03   4.5081967e+00
   2.8500000e+03   6.3245614e+00
   2.8700000e+03   5.1904762e+00
   2.8800000e+03   1.0204082e+00
   2.8900000e+03   2.1403509e+00
   2.9000000e+03   2.9074074e+00
   2.9001000e+03   3.3606557e+00
   2.9002000e+03   2.6296296e+00
   2.9800000e+03   4.1851852e+00
   2.9810000e+03   4.0370370e+00
   3.0000000e+03   2.8166667e+00
   3.0010000e+03   3.4693878e+00
   3.0051000e+03   4.0983607e+00
   3.0052000e+03   5.1481481e+00
   3.0100000e+03   3.6333333e+00
   3.0150000e+03   4.4869565e+00
   3.0160000e+03   3.6481481e+00
   3.0170000e+03   3.7358491e+00
   3.0190000e+03   4.6981132e+00
   3.0220000e+03   2.8888889e+00
   3.0300000e+03   2.1428571e+00
   3.0510000e+03   2.0333333e+00
   3.0530000e+03   2.7540984e+00
   3.0590000e+03   1.9622641e+00
   3.0600000e+03   3.4333333e+00
   3.0610000e+03   2.9074074e+00
   3.0620000e+03   1.7704918e+00
   3.0630000e+03   3.8333333e+00
   3.0640000e+03   5.7338710e+00
   3.0680000e+03   4.4833333e+00
   3.0690000e+03   2.6315790e+00
   3.0710000e+03   2.3442623e+00
   3.0800000e+03   4.9500000e+00
   3.1000000e+03   2.2016129e+00
   3.1010000e+03   1.7333333e+00
   3.1020000e+03   2.0163934e+00
   3.1030000e+03   2.5918367e+00
   3.1100000e+03   3.5833333e+00
   3.1200000e+03   2.0327869e+00
   3.1300000e+03   2.8333333e+00
   3.1310000e+03   1.8163265e+00
   3.1400000e+03   3.4262295e+00
   3.1500000e+03   3.3166667e+00
   3.1600000e+03   1.9795918e+00
   3.1680000e+03   1.9259259e+00
   3.1700000e+03   2.0173913e+00
   3.1800000e+03   1.7719298e+00
   3.1810000e+03   2.6666667e+00
   3.1850000e+03   1.6122449e+00
   3.1900000e+03   2.8979592e+00
   3.1910000e+03   2.5185185e+00
   3.1950000e+03   3.5660377e+00
   3.2100000e+03   5.9814815e+00
   3.2110000e+03   6.7346939e+00
   3.2120000e+03   6.1320755e+00
   3.2130000e+03   3.8867925e+00
   3.2150000e+03   2.6481481e+00
   3.2160000e+03   5.1929825e+00
   3.2200000e+03   3.8666667e+00
   3.2250000e+03   1.5471698e+00
   3.2300000e+03   3.1296296e+00
   3.2500000e+03   4.4629630e+00
   3.2610000e+03   2.5737705e+00
   3.2660000e+03   1.7560976e+00
   3.2800000e+03   4.4693878e+00
   3.3000000e+03   4.3962264e+00
   3.3010000e+03   2.7407407e+00
   3.3020000e+03   3.3703704e+00
   3.3100000e+03   4.0377358e+00
   3.3500000e+03   4.1052632e+00
   3.3600000e+03   1.9591837e+00
   3.4000000e+03   2.5849057e+00
   3.5000000e+03   5.2222222e+00
   3.5300000e+03   5.8888889e+00
   3.5500000e+03   2.4074074e+00
   3.5501000e+03   7.4285714e+00
   3.5502000e+03   4.4385965e+00
   4.0000000e+03   5.1803279e+00
   4.0010000e+03   3.5102041e+00
   4.0020000e+03   2.7592593e+00
   4.0030000e+03   3.3859649e+00
   4.0040000e+03   2.2222222e+00
   4.0050000e+03   2.3333333e+00
   4.0060000e+03   1.9433962e+00
   4.0070000e+03   1.2244898e+00
   4.0080000e+03   3.0566038e+00
   4.0710000e+03   1.6603774e+00
   4.0850000e+03   2.9795918e+00
   4.0900000e+03   2.8775510e+00
   4.1000000e+03   3.7777778e+00
   4.1300000e+03   4.2244898e+00
   4.1410000e+03   1.5370370e+00
   4.1420000e+03   2.5740741e+00
   4.1500000e+03   2.6037736e+00
   4.1800000e+03   2.7962963e+00
   4.2100000e+03   2.4259259e+00
   4.2200000e+03   2.5789474e+00
   4.2250000e+03   2.0612245e+00
   4.2300000e+03   3.8367347e+00
   4.2320000e+03   2.6842105e+00
   4.2330000e+03   3.8518519e+00
   4.2350000e+03   2.4259259e+00
   4.2400000e+03   2.3518519e+00
   4.2500000e+03   2.5849057e+00
   4.2550000e+03   3.2037037e+00
   4.2740000e+03   3.8301887e+00
   4.2750000e+03   3.6481481e+00
   4.2790000e+03   1.6851852e+00
   4.2900000e+03   3.4905660e+00
   4.3000000e+03   2.0370370e+00
   4.3020000e+03   3.1111111e+00
   4.3100000e+03   2.9473684e+00
   4.3110000e+03   2.9795918e+00
   4.3200000e+03   2.1228070e+00
   4.3250000e+03   4.4897959e+00
   4.4600000e+03   2.4489796e+00
   4.4700000e+03   3.0740741e+00
   4.4900000e+03   1.7333333e+00
   4.5000000e+03   1.4074074e+00
   4.5030000e+03   2.1132075e+00
   4.5050000e+03   2.2075472e+00
   4.5100000e+03   1.5185185e+00
   4.5200000e+03   1.1803279e+00
   4.5250000e+03   3.0377358e+00
   4.5300000e+03   2.5370370e+00
   4.5310000e+03   2.8113208e+00
   4.5320000e+03   3.2777778e+00
   4.5330000e+03   4.0555556e+00
   4.5340000e+03   4.8148148e-01
   4.5350000e+03   1.4035088e+00
   4.5360000e+03   1.7346939e+00
   4.5370000e+03   1.0350877e+00
   4.5380000e+03   2.8888889e+00
   4.5420000e+03   5.8867924e+00
   4.5500000e+03   2.1296296e+00
   4.5590000e+03   3.1886792e+00
   4.5610000e+03   2.6666667e+00
   4.5710000e+03   3.0377358e+00
   4.5720000e+03   2.9298246e+00
   4.5730000e+03   1.9591837e+00
   4.5740000e+03   1.5740741e+00
   4.5750000e+03   1.8775510e+00
   4.5970000e+03   3.5094340e+00
   4.5980000e+03   7.0000000e+00
   4.5990000e+03   3.7735849e+00
   4.6000000e+03   3.8979592e+00
   4.6010000e+03   3.7777778e+00
   4.6030000e+03   3.4629630e+00
   4.6040000e+03   3.8367347e+00
   4.6050000e+03   3.8833333e+00
   4.6060000e+03   2.4736842e+00
   4.6070000e+03   4.0983607e+00
   4.6080000e+03   3.6349206e+00
   4.6090000e+03   3.4081633e+00
   4.6100000e+03   1.6491228e+00
   4.6110000e+03   3.8166667e+00
   4.6120000e+03   4.6938775e+00
   4.6130000e+03   1.2244898e+00
   4.6140000e+03   4.1851852e+00
   4.6160000e+03   2.3584906e+00
   4.6170000e+03   6.9814815e+00
   4.6190000e+03   4.0408163e+00
   4.6210000e+03   5.0370370e+00
   4.6220000e+03   3.2407407e+00
   4.6230000e+03   3.0555556e+00
   4.6240000e+03   3.1132075e+00
   4.6250000e+03   2.4074074e+00
   4.6260000e+03   3.7592593e+00
   4.6280000e+03   4.7547170e+00
   4.6310000e+03   2.6666667e+00
   4.6350000e+03   4.5614035e+00
   4.6400000e+03   3.1111111e+00
   4.6410000e+03   2.3148148e+00
   4.6430000e+03   3.5925926e+00
   4.6450000e+03   2.0526316e+00
   4.6470000e+03   3.9672131e+00
   4.6490000e+03   3.4081633e+00
   4.6500000e+03   3.7833333e+00
   4.6510000e+03   3.2903226e+00
   4.6520000e+03   4.9333333e+00
   4.6530000e+03   2.7777778e+00
   4.6560000e+03   4.0526316e+00
   4.6580000e+03   4.6393443e+00
   4.6590000e+03   5.1000000e+00
   4.6600000e+03   3.0491803e+00
   4.6640000e+03   3.7500000e+00
   4.6641000e+03   3.6229508e+00
   4.6642000e+03   3.6938775e+00
   4.6660000e+03   4.6349206e+00
   4.6680000e+03   4.2264151e+00
   4.6690000e+03   4.2166667e+00
   4.6700000e+03   3.6229508e+00
   4.6720000e+03   4.4285714e+00
   4.6760000e+03   3.9666667e+00
   4.6770000e+03   2.2982456e+00
   4.6800000e+03   4.6393443e+00
   4.6810000e+03   5.1428571e+00
   4.6830000e+03   2.5925926e+00
   4.6870000e+03   3.4603175e+00
   4.6890000e+03   4.1666667e+00
   4.6900000e+03   3.6065574e+00
   4.6920000e+03   3.4716981e+00
   4.6930000e+03   4.1132076e+00
   4.6940000e+03   4.7333333e+00
   4.6950000e+03   3.3934426e+00
   4.6970000e+03   3.6122449e+00
   4.6980000e+03   3.8867925e+00
   4.7000000e+03   2.4814815e+00
   4.7500000e+03   3.4528302e+00
   4.7700000e+03   3.9444444e+00
   4.8000000e+03   4.9000000e+00
   4.8100000e+03   4.3934426e+00
   5.0000000e+03   4.0634921e+00
   5.0010000e+03   5.5438596e+00
   5.0100000e+03   1.6851852e+00
   5.0200000e+03   3.8113208e+00
   5.0300000e+03   2.0793651e+00
   5.0400000e+03   1.9795918e+00
   5.1200000e+03   5.0000000e+00
   5.1300000e+03   2.7777778e+00
   5.1990000e+03   7.3584906e+00
   5.2000000e+03   5.9259259e+00
   5.2010000e+03   6.6315789e+00
   5.2020000e+03   4.7346939e+00
   5.2100000e+03   7.3061225e+00
   5.2150000e+03   7.2830189e+00
   5.2200000e+03   6.6530612e+00
   5.2500000e+03   4.4444444e+00
   5.2600000e+03   6.5614035e+00
   5.2700000e+03   6.1666667e+00
   5.3000000e+03   3.4761905e+00
   5.3010000e+03   3.6792453e+00
   5.3900000e+03   2.9000000e+00
   5.3950000e+03   4.4603175e+00
   5.4100000e+03   3.1803279e+00
   5.4500000e+03   5.0877193e+00
   5.4550000e+03   5.5873016e+00
   5.4600000e+03   3.3396226e+00
   5.4700000e+03   3.4285714e+00
   5.4710000e+03   5.9444444e+00
   5.4800000e+03   1.8571429e+00
   5.5000000e+03   3.1224490e+00
   5.5100000e+03   2.0526316e+00
   5.5200000e+03   2.5740741e+00
   5.5300000e+03   3.2222222e+00
   5.5310000e+03   3.1886792e+00
   5.5320000e+03   4.5283019e+00
   5.5330000e+03   4.0370370e+00
   5.5340000e+03   2.9074074e+00
   5.5350000e+03   2.3166667e+00
   5.5510000e+03   5.4339623e+00
   5.5930000e+03   6.0166667e+00
   5.5940000e+03   4.5000000e+00
   5.6000000e+03   5.6666667e+00
   5.6110000e+03   4.9814815e+00
   5.6210000e+03   6.5370370e+00
   5.6220000e+03   3.4259259e+00
   5.6230000e+03   5.1929825e+00
   5.6260000e+03   4.7346939e+00
   5.6280000e+03   5.2777778e+00
   5.6290000e+03   5.6666667e+00
   5.6310000e+03   4.6326531e+00
   5.6350000e+03   7.5409836e+00
   5.6600000e+03   3.7192983e+00
   5.6610000e+03   4.2500000e+00
   5.6650000e+03   5.5714286e+00
   5.7000000e+03   5.5102041e+00
   5.7110000e+03   6.2631579e+00
   5.7200000e+03   6.2459016e+00
   5.7250000e+03   6.4489796e+00
   5.7260000e+03   5.5094340e+00
   5.7310000e+03   4.4629630e+00
   5.7400000e+03   1.7377049e+00
   5.7500000e+03   5.6166667e+00
   5.7600000e+03   6.5306122e+00
   5.7640000e+03   7.1639344e+00
   5.7790000e+03   5.7627119e+00
   5.7800000e+03   6.4716981e+00
   5.7810000e+03   5.7543860e+00
   5.8000000e+03   5.0666667e+00
   5.8110000e+03   6.6140351e+00
   5.8140000e+03   5.7407407e+00
   5.8200000e+03   5.5185185e+00
   5.8250000e+03   5.3061225e+00
   5.8290000e+03   6.4528302e+00
   5.8300000e+03   5.5087719e+00
   5.8310000e+03   5.4629630e+00
   5.8330000e+03   7.6938775e+00
   5.8360000e+03   5.2962963e+00
   5.8490000e+03   5.4814815e+00
   5.8700000e+03   2.8518519e+00
   5.8750000e+03   5.1311475e+00
   5.8900000e+03   1.0185185e+00
   5.8910000e+03   4.9074074e+00
   5.9000000e+03   6.0500000e+00
   5.9100000e+03   7.5471698e+00
   5.9200000e+03   4.5000000e+00
   5.9400000e+03   5.3684211e+00
   5.9500000e+03   5.3148148e+00
   5.9610000e+03   5.4716981e+00
   5.9700000e+03   3.7777778e+00
   5.9710000e+03   6.3809524e+00
   5.9720000e+03   5.8703704e+00
   5.9730000e+03   4.4629630e+00
   5.9820000e+03   5.0943396e+00
   5.9900000e+03   3.7222222e+00
   5.9910000e+03   3.5185185e+00
   5.9940000e+03   6.7755102e+00
   6.0000000e+03   5.9682540e+00
   6.0100000e+03   3.3518519e+00
   6.0200000e+03   2.7962963e+00
   6.0210000e+03   3.7704918e+00
   6.0220000e+03   4.6122449e+00
   6.1500000e+03   6.0655738e-01
   6.1900000e+03   3.1000000e+00
   6.2000000e+03   1.8852459e+00
   6.2100000e+03   2.9259259e+00
   6.2110000e+03   5.6226415e+00
   6.2120000e+03   5.3333333e+00
   6.2130000e+03   5.5166667e+00
   6.2200000e+03   4.2040816e+00
   6.2300000e+03   1.9032258e+00
   6.2310000e+03   2.5510204e+00
   6.2400000e+03   1.5660377e+00
   6.2410000e+03   2.0327869e+00
   6.2420000e+03   3.9444444e+00
   6.2430000e+03   3.4500000e+00
   6.2440000e+03   2.7377049e+00
   6.2500000e+03   2.6296296e+00
   6.2501000e+03   1.7368421e+00
   6.2502000e+03   3.0204082e+00
   6.2600000e+03   1.7407407e+00
   6.2630000e+03   1.9387755e+00
   6.3000000e+03   1.9074074e+00
   6.3110000e+03   1.5714286e+00
   6.3120000e+03   5.4833333e+00
   6.3130000e+03   4.7213115e+00
   6.3140000e+03   2.5263158e+00
   6.3150000e+03   4.8888889e+00
   6.3500000e+03   4.2833333e+00
   6.3600000e+03   2.6296296e+00
   6.3700000e+03   1.6349206e+00
   6.4100000e+03   3.8421053e+00
   6.4150000e+03   5.8688525e+00
   6.5100000e+03   2.6166667e+00
   6.5200000e+03   4.8867924e+00
   6.5300000e+03   3.2222222e+00
   6.5400000e+03   3.3934426e+00
   6.5500000e+03   4.3962264e+00
   6.5550000e+03   3.1224490e+00
   6.5600000e+03   4.3666667e+00
   6.5610000e+03   4.4629630e+00
   6.5620000e+03   5.5714286e+00
   6.5630000e+03   3.7169811e+00
   6.5700000e+03   2.3114754e+00
   6.5701000e+03   1.9811321e+00
   6.5702000e+03   2.4666667e+00
   6.5710000e+03   5.2222222e+00
   6.6100000e+03   3.7037040e-02
   6.8000000e+03   5.5555556e-01
   6.8210000e+03   6.6111111e+00
   6.8250000e+03   5.7894737e+00
   6.8300000e+03   5.6851852e+00
   6.8310000e+03   5.2203390e+00
   6.8320000e+03   6.4081633e+00
   6.8340000e+03   5.8333333e+00
   6.8360000e+03   6.3833333e+00
   6.8370000e+03   5.5283019e+00
   6.8380000e+03   6.7758621e+00
   6.8400000e+03   5.2950820e+00
   6.9000000e+03   7.0370370e-01
   6.9100000e+03   2.6140351e+00
   6.9300000e+03   5.8518519e+00
   6.9400000e+03   6.5660377e+00
   7.0000000e+03   6.1224490e-01
   7.0010000e+03   5.3265306e+00
   7.0020000e+03   3.1147541e-01
   7.0030000e+03   5.5102041e-01
   7.0040000e+03   6.9387755e-01
   7.0060000e+03   1.1666667e-01
   7.0090000e+03   2.9508197e-01
   7.0100000e+03   1.0317460e+00
   7.0110000e+03   1.4285714e+00
   7.0120000e+03   1.2448980e+00
   7.0130000e+03   1.5283019e+00
   7.0140000e+03   1.4489796e+00
   7.0160000e+03   1.8367347e-01
   7.0170000e+03   2.2448980e-01
   7.0180000e+03   3.9622642e-01
   7.0190000e+03   3.3673469e+00
   7.0200000e+03   7.0000000e-01
   7.0210000e+03   2.0754717e-01
   7.0230000e+03   5.1320755e+00
   7.0250000e+03   7.7049180e-01
   7.0260000e+03   2.2264151e+00
   7.0300000e+03   1.5000000e+00
   7.0310000e+03   1.0491803e+00
   7.0320000e+03   1.3584906e+00
   7.0330000e+03   7.8867924e+00
   7.0340000e+03   8.1666667e-01
   7.0350000e+03   9.5081967e-01
   7.0360000e+03   8.3500000e+00
   7.0370000e+03   7.8852459e+00
   7.0380000e+03   1.5500000e+00
   7.0390000e+03   4.3703704e+00
   7.0400000e+03   1.1311475e+00
   7.0410000e+03   2.7333333e+00
   7.0420000e+03   4.2105263e-01
   7.0430000e+03   4.6296296e-01
   7.0440000e+03   1.7213115e+00
   7.0450000e+03   3.0188679e-01
   7.0460000e+03   1.8333333e+00
   7.0500000e+03   1.8148148e+00
   7.0520000e+03   9.8113208e-01
   7.0530000e+03   2.4074074e-01
   7.0540000e+03   9.3442623e-01
   7.0550000e+03   7.5925926e-01
   7.0560000e+03   1.6666667e-01
   7.0570000e+03   3.2452830e+00
   7.0580000e+03   2.1296296e+00
   7.0590000e+03   1.4754098e-01
   7.0600000e+03   1.3833333e+00
   7.0610000e+03   8.3673469e-01
   7.0620000e+03   2.9387755e+00
   7.0770000e+03   2.0377358e+00
   7.0780000e+03   2.4339623e+00
   7.0790000e+03   3.2448980e+00
   7.0800000e+03   1.8032787e-01
   7.0810000e+03   5.5714286e+00
   7.0900000e+03   7.0175439e-01
   7.0920000e+03   3.6037736e+00
   7.0950000e+03   2.2037037e+00
   7.0960000e+03   2.9056604e+00
   7.1000000e+03   1.8412698e+00
   7.1100000e+03   7.9365079e-01
   7.1300000e+03   4.0925926e+00
   7.1350000e+03   2.8490566e+00
   7.1360000e+03   2.9056604e+00
   7.1370000e+03   2.3962264e+00
   7.1400000e+03   1.9206349e+00
   7.1500000e+03   1.0925926e+00
   7.1600000e+03   5.4666667e+00
   7.1610000e+03   3.3442623e+00
   7.1650000e+03   4.9245283e+00
   7.1700000e+03   1.0370370e+00
   7.1750000e+03   2.5925926e-01
   7.1790000e+03   4.4000000e+00
   7.1800000e+03   2.4444444e+00
   7.1820000e+03   4.7407407e+00
   7.1830000e+03   4.7962963e+00
   7.1840000e+03   3.3606557e+00
   7.1850000e+03   9.7959184e-01
   7.1860000e+03   9.3333333e-01
   7.1870000e+03   1.1929825e+00
   7.1880000e+03   3.0555556e+00
   7.1900000e+03   7.1428571e-01
   7.1920000e+03   2.3469388e+00
   7.1950000e+03   4.4210526e+00
   7.2000000e+03   1.4074074e+00
   7.2050000e+03   3.1904762e+00
   7.2070000e+03   5.5306122e+00
   7.2110000e+03   5.5555556e-01
   7.2170000e+03   2.3606557e+00
   7.2200000e+03   5.9795918e+00
   7.2240000e+03   2.1904762e+00
   7.2300000e+03   5.2037037e+00
   7.2330000e+03   1.2037037e+00
   7.2340000e+03   4.2698413e+00
   7.2350000e+03   1.6296296e+00
   7.2360000e+03   1.7169811e+00
   7.2370000e+03   5.6491228e+00
   7.2380000e+03   4.7037037e+00
   7.2400000e+03   6.8490566e+00
   7.2420000e+03   7.0188679e+00
   7.2470000e+03   3.8888889e+00
   7.2480000e+03   4.8518519e+00
   7.2490000e+03   3.0566038e+00
   7.2500000e+03   1.7222222e+00
   7.2550000e+03   1.0188679e+00
   7.2600000e+03   1.4074074e+00
   7.2700000e+03   6.1904762e-01
   7.2790000e+03   4.3469388e+00
   7.2800000e+03   4.1587302e+00
   7.2810000e+03   2.1296296e+00
   7.2820000e+03   3.2407407e+00
   7.2830000e+03   4.5714286e+00
   7.2840000e+03   2.9074074e+00
   7.2850000e+03   3.3018868e+00
   7.2860000e+03   4.0476190e+00
   7.2870000e+03   1.6792453e+00
   7.2890000e+03   3.3888889e+00
   7.2900000e+03   2.5306122e+00
   7.2910000e+03   3.3684210e+00
   7.3000000e+03   3.4285714e+00
   7.3200000e+03   3.5094340e+00
   7.3250000e+03   2.7407407e+00
   7.3300000e+03   8.2758621e-01
   7.3400000e+03   1.0350877e+00
   7.3500000e+03   2.3174603e+00
   7.3510000e+03   1.9387755e+00
   7.3520000e+03   1.7962963e+00
   7.3540000e+03   1.9622641e+00
   7.3590000e+03   2.2448980e+00
   7.3600000e+03   1.7719298e+00
   7.3610000e+03   4.2592593e+00
   7.3650000e+03   1.4081633e+00
   7.3800000e+03   2.9814815e+00
   7.3900000e+03   1.5555556e+00
   7.4000000e+03   1.1851852e+00
   7.4020000e+03   1.6037736e+00
   7.4050000e+03   3.5094340e+00
   7.4100000e+03   3.2222222e+00
   7.4300000e+03   2.0185185e+00
   7.4400000e+03   3.8679245e+00
   7.4500000e+03   4.6296296e-01
   7.4510000e+03   1.2244898e+00
   7.4600000e+03   7.9629630e-01
   7.4610000e+03   2.3018868e+00
   7.4700000e+03   3.4905660e+00
   7.4720000e+03   5.2407407e+00
   7.4750000e+03   3.5614035e+00
   7.4760000e+03   2.9591837e+00
   7.4770000e+03   2.5102041e+00
   7.4800000e+03   3.3888889e+00
   7.4810000e+03   4.5344828e+00
   7.4820000e+03   3.9387755e+00
   7.4840000e+03   3.2040816e+00
   7.4870000e+03   2.1000000e+00
   7.4880000e+03   2.8867925e+00
   7.4890000e+03   7.6326531e+00
   7.4900000e+03   1.8412698e+00
   7.4910000e+03   5.5409836e+00
   7.4920000e+03   5.9433962e+00
   7.4930000e+03   5.9444444e+00
   7.4950000e+03   5.8148148e+00
   7.4960000e+03   8.6481482e+00
   7.4970000e+03   8.4081633e+00
   7.4990000e+03   7.2857143e+00
   7.5000000e+03   5.8412698e+00
   7.5010000e+03   8.0000000e+00
   7.5020000e+03   8.2777778e+00
   7.5030000e+03   4.0754717e+00
   7.5040000e+03   3.4259259e+00
   7.5050000e+03   3.6938775e+00
   7.5060000e+03   7.3333333e+00
   7.5070000e+03   4.3061225e+00
   7.5080000e+03   3.6938775e+00
   7.5090000e+03   1.5660377e+00
   7.5100000e+03   6.0925926e+00
   7.5120000e+03   2.8301887e+00
   7.5130000e+03   3.3207547e+00
   7.5150000e+03   7.6603774e+00
   7.5200000e+03   5.2448980e+00
   7.5210000e+03   4.3877551e+00
   7.5300000e+03   2.5471698e+00
   7.5450000e+03   3.1578947e+00
   7.5460000e+03   7.3500000e+00
   7.5470000e+03   3.8032787e+00
   7.5500000e+03   4.8455285e+00
   7.5600000e+03   7.8148148e+00
   7.5700000e+03   6.7358491e+00
   7.5800000e+03   4.0555556e+00
   7.5900000e+03   6.5079365e+00
   7.5950000e+03   6.9444444e+00
   7.6000000e+03   3.7777778e+00
   7.6200000e+03   5.3888889e+00
   7.6320000e+03   6.8367347e+00
   7.6400000e+03   7.1851852e+00
   7.6500000e+03   8.3018868e+00
   7.6600000e+03   7.4905660e+00
   7.7000000e+03   5.5555556e+00
   7.7050000e+03   1.1296296e+00
   7.7100000e+03   3.7543860e+00
   7.8200000e+03   2.2777778e+00
   7.8300000e+03   4.4035088e+00
   7.9000000e+03   2.4528302e+00
   7.9200000e+03   3.6296296e+00
   7.9500000e+03   1.4074074e+00
   8.0010000e+03   3.2448980e+00
   8.0100000e+03   3.6530612e+00
   8.0210000e+03   3.2962963e+00
   8.0300000e+03   7.3333333e+00
   8.0310000e+03   3.7358491e+00
   8.0320000e+03   2.8333333e+00
   8.0330000e+03   2.6666667e+00
   8.0340000e+03   4.5925926e+00
   8.0400000e+03   4.6315789e+00
   8.0410000e+03   2.2037037e+00
   8.0500000e+03   3.2244898e+00
   8.0600000e+03   4.5964912e+00
   8.0650000e+03   5.9056604e+00
   8.0800000e+03   4.1355932e+00
   8.0900000e+03   3.1428571e+00
   8.1160000e+03   6.9074074e+00
   8.1170000e+03   5.2037037e+00
   8.1180000e+03   6.3469388e+00
   8.1200000e+03   3.5740741e+00
   8.1210000e+03   4.5094340e+00
   8.1300000e+03   3.9074074e+00
   8.1580000e+03   5.2264151e+00
   8.1600000e+03   2.5555556e+00
   8.1610000e+03   2.0158730e+00
   8.1620000e+03   6.6349206e+00
   8.1630000e+03   3.7169811e+00
   8.1700000e+03   5.2641509e+00
   8.1780000e+03   4.7735849e+00
   8.1790000e+03   5.1481481e+00
   8.1800000e+03   5.1509434e+00
   8.1850000e+03   4.8703704e+00
   8.1860000e+03   4.5471698e+00
   8.1900000e+03   5.6938775e+00
   8.1910000e+03   4.8518519e+00
   8.1920000e+03   5.1851852e+00
   8.1930000e+03   1.7592593e+00
   8.2000000e+03   3.0158730e+00
   8.2050000e+03   5.0000000e+00
   8.2060000e+03   5.9622642e+00
   8.2080000e+03   3.5471698e+00
   8.2100000e+03   3.5925926e+00
   8.2110000e+03   6.6938775e+00
   8.2200000e+03   4.3265306e+00
   8.2300000e+03   2.1929825e+00
   8.2310000e+03   4.7547170e+00
   8.2320000e+03   6.5438596e+00
   8.2410000e+03   2.3518519e+00
   8.2500000e+03   3.1836735e+00
   8.2510000e+03   2.0555556e+00
   8.2600000e+03   2.3584906e+00
   8.2800000e+03   2.6296296e+00
   8.3000000e+03   3.7222222e+00
   8.3110000e+03   4.2777778e+00
   8.3120000e+03   4.5849057e+00
   8.3200000e+03   2.5555556e+00
   8.3250000e+03   5.8979592e+00
   8.3300000e+03   2.9814815e+00
   8.3400000e+03   4.7037037e+00
   8.3410000e+03   6.4629630e+00
   8.3500000e+03   2.5185185e+00
   8.3700000e+03   6.2962963e+00
   8.3710000e+03   4.6792453e+00
   8.3800000e+03   3.7037037e+00
   8.4000000e+03   4.8571429e+00
   8.4200000e+03   7.2413793e+00
   8.4600000e+03   3.2962963e+00
   8.4610000e+03   4.7777778e+00
   8.4650000e+03   2.6507936e+00
   8.4660000e+03   7.6122449e+00
   8.4670000e+03   5.3518519e+00
   8.4700000e+03   2.0526316e+00
   8.4750000e+03   5.8070175e+00
   8.4800000e+03   3.7777778e+00
   8.4850000e+03   6.3859649e+00
   8.4900000e+03   5.2592593e+00
   8.4920000e+03   6.7959184e+00
   8.4960000e+03   5.6981132e+00
   8.4970000e+03   4.8148148e+00
   8.4990000e+03   5.1296296e+00
   8.5000000e+03   2.7777778e+00
   8.5010000e+03   4.7017544e+00
   8.5020000e+03   7.4074074e-01
   8.5030000e+03   1.6938776e+00
   8.5100000e+03   3.6851852e+00
   8.5310000e+03   5.7407407e-01
   8.5400000e+03   2.4561404e+00
   8.6000000e+03   4.8367347e+00
   8.6200000e+03   3.5714286e+00
   9.0000000e+03   6.4285714e+00
   9.0010000e+03   7.3518519e+00
   9.0020000e+03   6.4897959e+00
   9.0050000e+03   1.3518519e+00
   9.0060000e+03   2.4444444e+00
   9.0070000e+03   2.1000000e+00
   9.0080000e+03   2.7222222e+00
   9.0100000e+03   3.9206349e+00
   9.0310000e+03   3.1836735e+00
   9.0400000e+03   2.5409836e+00
   9.0410000e+03   1.7592593e+00
   9.0420000e+03   3.0188679e+00
   9.0430000e+03   2.1428571e+00
   9.0450000e+03   3.9814815e+00
   9.0460000e+03   4.7719298e+00
   9.0500000e+03   8.4444444e+00
   9.0700000e+03   6.8852459e-01
   9.0750000e+03   4.9183673e+00
   9.0800000e+03   7.3166667e+00
   9.0900000e+03   3.5555556e+00
   9.1010000e+03   1.1111111e+00
   9.1020000e+03   3.1851852e+00
   9.1100000e+03   3.7592593e+00
   9.1200000e+03   6.1333333e+00
   9.1400000e+03   2.6792453e+00
   9.1450000e+03   5.6530612e+00
   9.1500000e+03   4.8163265e+00
   9.1560000e+03   5.5471698e+00
   9.1600000e+03   4.9016393e+00
   9.1630000e+03   7.4150943e+00
   9.1710000e+03   6.8148148e+00
   9.1800000e+03   2.0952381e+00
   9.1810000e+03   4.3492064e+00
   9.1820000e+03   3.6792453e+00
   9.1830000e+03   2.9387755e+00
   9.1840000e+03   4.6530612e+00
   9.1850000e+03   1.9622641e+00
   9.1860000e+03   6.2857143e+00
   9.1870000e+03   4.0188679e+00
   9.1900000e+03   2.3148148e+00
   9.2100000e+03   2.8095238e+00
   9.2200000e+03   5.4833333e+00
   9.2250000e+03   3.8301887e+00
   9.2300000e+03   5.5185185e+00
   9.2500000e+03   5.1481481e+00
   9.2520000e+03   7.0370370e+00
   9.2530000e+03   4.1851852e+00
   9.2540000e+03   7.3934426e+00
   9.2600000e+03   6.9811321e-01
   9.2650000e+03   3.8771930e+00
   9.2700000e+03   2.4814815e+00
   9.2800000e+03   6.2244898e+00
   9.2900000e+03   6.5555556e+00
   9.2910000e+03   6.4693878e+00
   9.2950000e+03   7.6734694e+00
   9.3000000e+03   3.2063492e+00
   9.3010000e+03   3.9333333e+00
   9.3020000e+03   2.9795918e+00
   9.3200000e+03   3.3684210e+00
   9.3210000e+03   5.2075472e+00
   9.3220000e+03   4.2452830e+00
   9.3250000e+03   3.1632653e+00
   9.3260000e+03   2.4081633e+00
   9.3300000e+03   7.4285714e+00
   9.3310000e+03   3.5102041e+00
   9.3320000e+03   3.9811321e+00
   9.3400000e+03   5.4561404e+00
   9.3410000e+03   6.8518519e+00
   9.3420000e+03   7.6111111e+00
   9.3600000e+03   3.6530612e+00
   9.3730000e+03   3.1052632e+00
   9.3900000e+03   5.9245283e+00
   9.3950000e+03   4.9795918e+00
   9.4000000e+03   5.3888889e+00
   9.4010000e+03   3.0000000e+00
   9.4020000e+03   6.0370370e+00
   9.4030000e+03   5.8367347e+00
   9.4040000e+03   6.4259259e+00
   9.4050000e+03   2.1428571e+00
   9.4090000e+03   6.2037037e+00
   9.4100000e+03   5.8852459e+00
   9.4110000e+03   6.6491228e+00
   9.4120000e+03   3.6603774e+00
   9.4130000e+03   4.8113208e+00
   9.4140000e+03   5.8979592e+00
   9.4150000e+03   7.2448980e+00
   9.4170000e+03   5.7551020e+00
   9.4190000e+03   5.9473684e+00
   9.4200000e+03   6.1833333e+00
   9.4210000e+03   3.5740741e+00
   9.4220000e+03   3.8867925e+00
   9.4230000e+03   6.4814815e+00
   9.4240000e+03   7.6981132e+00
   9.4250000e+03   6.4814815e+00
   9.4260000e+03   6.1296296e+00
   9.4270000e+03   7.5471698e+00
   9.4280000e+03   7.1475410e+00
   9.4290000e+03   7.5614035e+00
   9.4300000e+03   5.3518519e+00
   9.4320000e+03   2.0740741e+00
   9.4330000e+03   6.6666667e+00
   9.4350000e+03   7.5510204e+00
   9.4400000e+03   4.0317460e+00
   9.4450000e+03   3.8113208e+00
   9.4520000e+03   5.1166667e+00
   9.4680000e+03   6.1509434e+00
   9.4690000e+03   5.4693878e+00
   9.4700000e+03   6.6349206e+00
   9.4710000e+03   6.0816327e+00
   9.4720000e+03   7.0655738e+00
   9.4800000e+03   5.4313725e+00
   9.4900000e+03   3.8245614e+00
   9.4910000e+03   6.3962264e+00
   9.4950000e+03   7.7222222e+00
   9.5000000e+03   6.5000000e+00
   9.5200000e+03   6.9056604e+00
   9.5300000e+03   5.3703704e+00
   9.5600000e+03   1.7936508e+00
   9.5610000e+03   1.1111111e+00
   9.5700000e+03   2.0327869e+00
   9.5710000e+03   2.3148148e+00
   9.5820000e+03   3.4814815e+00
   9.5840000e+03   3.8867925e+00
   9.5900000e+03   1.5714286e+00
   9.5920000e+03   4.7460318e+00
   9.5940000e+03   3.7358491e+00
   9.5960000e+03   3.1020408e+00
   9.5990000e+03   4.6415094e+00
   9.6000000e+03   6.1166667e+00
   9.6100000e+03   3.1224490e+00
   9.6110000e+03   6.8148148e+00
   9.6200000e+03   5.1111111e+00
   9.6210000e+03   5.8703704e+00
   9.6220000e+03   3.0185185e+00
   9.6230000e+03   5.5102041e+00
   9.6300000e+03   3.1886792e+00
   9.6351000e+03   5.5737705e+00
   9.6352000e+03   4.6734694e+00
   9.7000000e+03   6.6037736e+00
   9.8000000e+03   3.0555556e+00
   9.8100000e+03   5.7000000e+00
   9.8300000e+03   4.4629630e+00
   9.8310000e+03   1.2040816e+00
   9.8320000e+03   3.4528302e+00
   9.9000000e+03   6.2631579e+00
   9.9010000e+03   6.8775510e+00
   9.9020000e+03   5.4210526e+00
   9.9030000e+03   7.5370370e+00
   9.9040000e+03   5.3207547e+00
   9.9050000e+03   6.2641509e+00
   9.9080000e+03   7.0377358e+00
   9.9090000e+03   6.1428571e+00
   9.9100000e+03   7.2777778e+00
   9.9110000e+03   6.5185185e+00
   9.9120000e+03   6.0555556e+00
   9.9130000e+03   5.6000000e+00
   9.9200000e+03   6.9122807e+00
   9.9210000e+03   5.5370370e+00
   9.9220000e+03   8.2830189e+00
   9.9250000e+03   7.5510204e+00
   9.9260000e+03   3.3703704e+00
   9.9270000e+03   5.1509434e+00
   9.9300000e+03   4.4285714e+00
   9.9400000e+03   5.9056604e+00
   9.9410000e+03   7.8979592e+00
